objects:
  cuboid:
    0:
      name_in_scene: cuboid_0
      pose_matrix:
      - [-0.4548153281211853, 0.3722197413444519, 0.8090707659721375, -0.20014715194702148]
      - [0.8383476734161377, 0.4855014979839325, 0.24791423976421356, 0.10713005065917969]
      - [-0.30052629113197327, 0.7910377979278564, -0.5328630805015564, -0.9582363963127136]
      - [0.0, 0.0, 0.0, 1.0]
    1:
      name_in_scene: cuboid_1
      pose_matrix:
      - [0.5006213784217834, -0.00043619051575660706, 0.8656665086746216, 0.13527297973632812]
      - [0.6125165820121765, 0.7068254947662354, -0.35386672616004944, -0.06363485753536224]
      - [-0.6117205023765564, 0.707388162612915, 0.35411885380744934, -0.8302933573722839]
      - [0.0, 0.0, 0.0, 1.0]
    instances: 2
  cylinder:
    0:
      name_in_scene: cylinder_0
      pose_matrix:
      - [-0.14142639935016632, -0.9288976788520813, -0.3422684967517853, 0.23662182688713074]
      - [0.403740257024765, 0.2615603506565094, -0.8766869306564331, 0.10509364306926727]
      - [0.9038763046264648, -0.26217424869537354, 0.3380417227745056, -0.9989852905273438]
      - [0.0, 0.0, 0.0, 1.0]
    1:
      name_in_scene: cylinder_1
      pose_matrix:
      - [-0.28611135482788086, -0.9263522028923035, 0.24497327208518982, -0.05173446238040924]
      - [0.8645047545433044, -0.35981684923171997, -0.3509468734264374, 0.03512338548898697]
      - [0.4132459759712219, 0.11137042939662933, 0.9037834405899048, -0.9174880385398865]
      - [0.0, 0.0, 0.0, 1.0]
    instances: 2
  elliptic_prism:
    0:
      name_in_scene: elliptic_prism_0
      pose_matrix:
      - [-0.33251458406448364, -0.6372370719909668, -0.6952431201934814, -0.008378125727176666]
      - [0.4433230757713318, 0.5450523495674133, -0.7116056680679321, -0.07706104964017868]
      - [0.8324053883552551, -0.5448365211486816, 0.10126393288373947, -0.8244210481643677]
      - [0.0, 0.0, 0.0, 1.0]
    1:
      name_in_scene: elliptic_prism_1
      pose_matrix:
      - [0.02493733912706375, 0.8613796234130859, -0.50734943151474, 0.020066633820533752]
      - [-0.6768724322319031, -0.3589293360710144, -0.6426612734794617, 0.14879272878170013]
      - [-0.7356778979301453, 0.359436959028244, 0.574093222618103, -1.0570170879364014]
      - [0.0, 0.0, 0.0, 1.0]
    instances: 2
  hexagonal_frustum:
    0:
      name_in_scene: hexagonal_frustum_0
      pose_matrix:
      - [0.9968230724334717, 0.001239689881913364, 0.07963848114013672, -0.02727716602385044]
      - [0.055526573210954666, 0.7060230374336243, -0.7060087323188782, 0.0600723959505558]
      - [-0.057101767510175705, 0.7081878781318665, 0.7037110328674316, -1.0034233331680298]
      - [0.0, 0.0, 0.0, 1.0]
    1:
      name_in_scene: hexagonal_frustum_1
      pose_matrix:
      - [0.9674088358879089, 0.001036935020238161, -0.25321757793426514, 0.013720732182264328]
      - [-0.1797846406698227, 0.7070139050483704, -0.6839655637741089, -0.03043489158153534]
      - [0.17831911146640778, 0.7071990370750427, 0.6841577887535095, -0.912915050983429]
      - [0.0, 0.0, 0.0, 1.0]
    instances: 2
  pyramid:
    0:
      name_in_scene: pyramid_0
      pose_matrix:
      - [-0.9327044486999512, -0.0011625203769654036, 0.360639750957489, 0.8670322299003601]
      - [0.2540183365345001, 0.7077304124832153, 0.6592361330986023, -0.260673463344574]
      - [-0.2560020685195923, 0.7064816951751709, -0.6598079204559326, -0.739165723323822]
      - [0.0, 0.0, 0.0, 1.0]
    1:
      name_in_scene: pyramid_1
      pose_matrix:
      - [0.8246602416038513, 1.8683953385334462e-05, -0.5656285285949707, 0.11014195531606674]
      - [-0.3999665379524231, 0.7071141004562378, -0.5831093192100525, 0.06351533532142639]
      - [0.3999529480934143, 0.7070995569229126, 0.5831362009048462, -1.006948471069336]
      - [0.0, 0.0, 0.0, 1.0]
    instances: 2
scene_name: sensor_simulation_0
sensor_name: sensor_1
world_to_sensor:
- [-0.8660253882408142, 0.3535533845424652, -0.3535533845424652, -0.3535533845424652]
- [-0.4999999701976776, -0.6123724579811096, 0.6123724579811096, 0.6123724579811096]
- [0.0, 0.7071067690849304, 0.7071067690849304, 0.7071067690849304]
- [0.0, 0.0, 0.0, 1.0]
