objects:
  cuboid:
    0:
      name_in_scene: cuboid_0
      pose_matrix:
      - [0.9248226881027222, -0.37321189045906067, 0.07359135150909424, 0.14010201394557953]
      - [0.2627086341381073, 0.4867165982723236, -0.8331214189529419, 0.18066982924938202]
      - [0.27511268854141235, 0.7898226976394653, 0.5481725931167603, -1.0317761898040771]
      - [0.0, 0.0, 0.0, 1.0]
    1:
      name_in_scene: cuboid_1
      pose_matrix:
      - [0.4993785321712494, -0.00012643578520510346, -0.8663840293884277, -0.21052855253219604]
      - [-0.6122279763221741, 0.7075145840644836, -0.35298794507980347, 0.028533797711133957]
      - [0.6130240559577942, 0.706699013710022, 0.35324007272720337, -0.9224620461463928]
      - [0.0, 0.0, 0.0, 1.0]
    instances: 2
  cylinder:
    0:
      name_in_scene: cylinder_0
      pose_matrix:
      - [-0.23555642366409302, 0.7851693630218506, -0.5727322697639465, -0.054575953632593155]
      - [0.8654479384422302, 0.4375908076763153, 0.2439553439617157, -0.11786627769470215]
      - [0.44216859340667725, -0.43820470571517944, -0.7826005220413208, -0.7760254144668579]
      - [0.0, 0.0, 0.0, 1.0]
    1:
      name_in_scene: cylinder_1
      pose_matrix:
      - [0.4193941056728363, 0.17463380098342896, -0.8908489942550659, -0.0031524186488240957]
      - [0.701267421245575, 0.560846209526062, 0.4400859475135803, 0.10234558582305908]
      - [0.5764832496643066, -0.8092926740646362, 0.1127505749464035, -0.9847102165222168]
      - [0.0, 0.0, 0.0, 1.0]
    instances: 2
  elliptic_prism:
    0:
      name_in_scene: elliptic_prism_0
      pose_matrix:
      - [-0.07200609147548676, 0.986036479473114, -0.15015754103660583, -0.150520920753479]
      - [0.938757598400116, 0.11786220967769623, 0.32379430532455444, 0.11754948645830154]
      - [0.33697080612182617, -0.11764635145664215, -0.9341359734535217, -1.0190316438674927]
      - [0.0, 0.0, 0.0, 1.0]
    1:
      name_in_scene: elliptic_prism_1
      pose_matrix:
      - [0.02354220300912857, -0.8705974817276001, -0.49143239855766296, 0.11599881947040558]
      - [-0.7362474799156189, -0.347639799118042, 0.5805913805961609, -0.01785292662680149]
      - [-0.6763027906417847, 0.3481474220752716, -0.6491594314575195, -0.8903715014457703]
      - [0.0, 0.0, 0.0, 1.0]
    instances: 2
  hexagonal_frustum:
    0:
      name_in_scene: hexagonal_frustum_0
      pose_matrix:
      - [-0.42944085597991943, -0.0019455677829682827, -0.9030928611755371, 0.05252142250537872]
      - [-0.6393717527389526, 0.7068875432014465, 0.30251264572143555, 0.029154419898986816]
      - [0.6377965211868286, 0.7073233127593994, -0.3048103153705597, -0.9725053310394287]
      - [0.0, 0.0, 0.0, 1.0]
    1:
      name_in_scene: hexagonal_frustum_1
      pose_matrix:
      - [-0.7029972076416016, -0.000631831819191575, -0.7111924290657043, -0.07882646471261978]
      - [-0.5036213994026184, 0.70651775598526, 0.4971904158592224, 0.04930279776453972]
      - [0.5021559000015259, 0.7076951265335083, -0.49699822068214417, -0.9926527142524719]
      - [0.0, 0.0, 0.0, 1.0]
    instances: 2
  pyramid:
    0:
      name_in_scene: pyramid_0
      pose_matrix:
      - [0.7786746025085449, 0.0013459413312375546, 0.6274265050888062, -0.7528731822967529]
      - [0.44266557693481445, 0.7075057625770569, -0.55089271068573, -0.40048936009407043]
      - [-0.444649338722229, 0.7067062854766846, 0.5503209829330444, -0.599349856376648]
      - [0.0, 0.0, 0.0, 1.0]
    1:
      name_in_scene: pyramid_1
      pose_matrix:
      - [-0.9021787643432617, -4.52937456429936e-07, -0.4313625395298004, -0.01192106120288372]
      - [-0.3050261437892914, 0.707091748714447, 0.6379501223564148, -0.056780390441417694]
      - [0.3050125539302826, 0.7071218490600586, -0.6379233002662659, -0.8866527080535889]
      - [0.0, 0.0, 0.0, 1.0]
    instances: 2
scene_name: sensor_simulation_0
sensor_name: sensor_2
world_to_sensor:
- [0.8660253286361694, 0.35355350375175476, -0.35355353355407715, -0.3535533845424652]
- [-0.5000001788139343, 0.6123723387718201, -0.6123723983764648, -0.6123724579811096]
- [0.0, 0.7071067690849304, 0.7071067690849304, 0.7071067690849304]
- [0.0, 0.0, 0.0, 1.0]
