objects:
  cuboid:
    0:
      name_in_scene: cuboid_4
      pose_matrix:
      - [-0.189470112323761, 0.1591799557209015, 0.9688979983329773, 0.048239387571811676]
      - [-0.876212477684021, -0.4727325141429901, -0.09368044883012772, 0.18937841057777405]
      - [0.44311752915382385, -0.8667099475860596, 0.22904399037361145, -1.0499095916748047]
      - [0.0, 0.0, 0.0, 1.0]
    1:
      name_in_scene: cuboid_5
      pose_matrix:
      - [0.24649609625339508, 0.9513837695121765, -0.18468543887138367, 0.04260009527206421]
      - [0.11327637732028961, -0.2175426185131073, -0.9694554209709167, 0.08548349142074585]
      - [-0.9625009298324585, 0.2180464267730713, -0.16139286756515503, -0.9368224740028381]
      - [0.0, 0.0, 0.0, 1.0]
    instances: 2
  cylinder:
    0:
      name_in_scene: cylinder_4
      pose_matrix:
      - [0.2164694219827652, 0.8928779363632202, 0.3948546051979065, -0.06192898005247116]
      - [0.9234820604324341, -0.31847962737083435, 0.21389606595039368, 0.21605080366134644]
      - [0.31673645973205566, 0.31833910942077637, -0.8934978246688843, -1.1101912260055542]
      - [0.0, 0.0, 0.0, 1.0]
    1:
      name_in_scene: cylinder_5
      pose_matrix:
      - [0.09728360176086426, 0.009854046627879143, 0.9952079057693481, 0.12899592518806458]
      - [-0.7047408819198608, -0.7053957581520081, 0.07587426900863647, -0.0454644039273262]
      - [0.7027630805969238, -0.7087451815605164, -0.06167882680892944, -0.826656699180603]
      - [0.0, 0.0, 0.0, 1.0]
    instances: 2
  elliptic_prism:
    0:
      name_in_scene: elliptic_prism_4
      pose_matrix:
      - [-9.768921881914139e-05, 0.9998409748077393, -0.017830759286880493, -0.1468515396118164]
      - [0.7148637175559998, 0.012538202106952667, 0.699151337146759, 0.053506992757320404]
      - [0.699263870716095, -0.012678258121013641, -0.7147511839866638, -0.9616729617118835]
      - [0.0, 0.0, 0.0, 1.0]
    1:
      name_in_scene: elliptic_prism_5
      pose_matrix:
      - [0.21358494460582733, 0.8218942880630493, -0.5280826687812805, -0.07786255329847336]
      - [0.8640915155410767, 0.09325255453586578, 0.4946209192276001, -0.05299902334809303]
      - [0.4557712972164154, -0.5619552731513977, -0.6902744174003601, -0.8210059404373169]
      - [0.0, 0.0, 0.0, 1.0]
    instances: 2
  hexagonal_frustum:
    0:
      name_in_scene: hexagonal_frustum_4
      pose_matrix:
      - [0.8880751132965088, 0.43963557481765747, -0.13432729244232178, -0.016303103417158127]
      - [0.3251837491989136, -0.807332456111908, -0.4924124479293823, 0.027131110429763794]
      - [-0.32492852210998535, 0.39361774921417236, -0.8599342107772827, -0.9118736386299133]
      - [0.0, 0.0, 0.0, 1.0]
    1:
      name_in_scene: hexagonal_frustum_5
      pose_matrix:
      - [-0.5265032052993774, 0.001241590827703476, 0.850172221660614, -0.037762600928545]
      - [0.6017977595329285, 0.7069030404090881, 0.37165501713752747, 0.09265673160552979]
      - [-0.6005277633666992, 0.7073094248771667, -0.37293386459350586, -1.035946011543274]
      - [0.0, 0.0, 0.0, 1.0]
    instances: 2
  pyramid:
    0:
      name_in_scene: pyramid_4
      pose_matrix:
      - [-0.7058095932006836, -0.64634108543396, 0.2899588942527771, -0.11291305720806122]
      - [-0.5001611113548279, 0.16480979323387146, -0.8501039743423462, -0.0277464110404253]
      - [0.5016689896583557, -0.7450376749038696, -0.4395991265773773, -0.8511909246444702]
      - [0.0, 0.0, 0.0, 1.0]
    1:
      name_in_scene: pyramid_5
      pose_matrix:
      - [-0.8147263526916504, 0.5296037197113037, -0.23609550297260284, 0.09728339314460754]
      - [0.41028425097465515, 0.23880816996097565, -0.8801353573799133, 0.008095980621874332]
      - [-0.409741073846817, -0.8139356970787048, -0.4118514955043793, -0.8867930173873901]
      - [0.0, 0.0, 0.0, 1.0]
    instances: 2
scene_name: sensor_simulation_2
sensor_name: sensor_9
world_to_sensor:
- [-0.8660253882408142, 0.3535533845424652, -0.3535533845424652, -0.3535533845424652]
- [-0.4999999701976776, -0.6123724579811096, 0.6123724579811096, 0.6123724579811096]
- [0.0, 0.7071067690849304, 0.7071067690849304, 0.7071067690849304]
- [0.0, 0.0, 0.0, 1.0]
